0.00933913
0.0137863
0.0164577
0.021168
0.0239884
0.024608
0.0265894
0.0283082
0.0229761
0.0250749
0.0327805
0.0334781
0.0348483
0.0371723
0.0358236
0.0359403
0.0365435
0.0290299
0.0300804
0.0387253
0.0391254
0.0401796
0.042558
0.0408298
0.0407203
0.0411484
0.0325106
0.0331409
0.0424575
0.0426313
0.0434434
0.0457895
0.0437686
0.0434288
0.043669
0.034356
0.0345661
0.0441054
0.0440658
0.0446398
0.0468666
0.0446398
0.0440658
0.0441054
0.0345661
0.034356
0.043669
0.0434288
0.0437686
0.0457895
0.0434434
0.0426313
0.0424575
0.0331409
0.0325106
0.0411484
0.0407203
0.0408298
0.042558
0.0401796
0.0391254
0.0387253
0.0300804
0.0290299
0.0365435
0.0359403
0.0358236
0.0371723
0.0348483
0.0334781
0.0327805
0.0250749
0.0229761
0.0283082
0.0265894
0.024608
0.0239884
0.021168
0.0164577
0.0137863
0.00933913


Iteration #0 end!	0.0664891

0.00848233
0.0121601
0.0144689
0.0184472
0.0209727
0.0215236
0.0235992
0.0252119
0.0205698
0.0233252
0.0308925
0.0321246
0.0340677
0.0364886
0.0356361
0.0363082
0.0371991
0.0295464
0.0309159
0.0399214
0.0403929
0.0415289
0.0438366
0.0421883
0.0422083
0.042679
0.0336678
0.0343512
0.0440035
0.044153
0.0449821
0.047265
0.0452964
0.0450132
0.0452966
0.0356206
0.0358483
0.0457378
0.0456603
0.0462246
0.0484
0.0462246
0.0456603
0.0457378
0.0358483
0.0356206
0.0452966
0.0450132
0.0452964
0.047265
0.0449821
0.044153
0.0440035
0.0343512
0.0336678
0.042679
0.0422083
0.0421883
0.0438366
0.0415289
0.0403929
0.0399214
0.0309159
0.0295464
0.0371991
0.0363082
0.0356361
0.0364886
0.0340677
0.0321246
0.0308925
0.0233252
0.0205698
0.0252119
0.0235992
0.0215236
0.0209727
0.0184472
0.0144689
0.0121601
0.00848233


Iteration #1 end!	0.0081549

0.00860035
0.012318
0.014634
0.018651
0.0211535
0.0216533
0.0236811
0.0252628
0.0205867
0.0232586
0.0306986
0.0318924
0.0337752
0.0361798
0.0353135
0.0360096
0.0369193
0.0293819
0.0308662
0.0398937
0.0404441
0.041724
0.0441104
0.0425492
0.0426612
0.0432365
0.0341469
0.0349432
0.0447914
0.0449678
0.0458581
0.0481906
0.0462108
0.0459263
0.0462356
0.0363615
0.0365979
0.0466924
0.0465978
0.0471803
0.0493864
0.0471803
0.0465978
0.0466924
0.0365979
0.0363615
0.0462356
0.0459263
0.0462108
0.0481906
0.0458581
0.0449678
0.0447914
0.0349432
0.0341469
0.0432365
0.0426612
0.0425492
0.0441104
0.041724
0.0404441
0.0398937
0.0308662
0.0293819
0.0369193
0.0360096
0.0353135
0.0361798
0.0337752
0.0318924
0.0306986
0.0232586
0.0205867
0.0252628
0.0236811
0.0216533
0.0211535
0.018651
0.014634
0.012318
0.00860035


Iteration #2 end!	0.00177893

0.00856341
0.0122526
0.0145525
0.0185549
0.0210547
0.0215592
0.0236173
0.0252122
0.0205533
0.0232853
0.0307682
0.0319897
0.0339079
0.0363183
0.0354616
0.0361724
0.0370747
0.0294943
0.0309785
0.0400307
0.0405777
0.0418531
0.0442369
0.0426666
0.0427858
0.0433523
0.0342382
0.035036
0.0449157
0.045095
0.0460053
0.0483455
0.046379
0.0461139
0.0464451
0.0365317
0.0367933
0.0469525
0.0468638
0.0474576
0.04967
0.0474576
0.0468638
0.0469525
0.0367933
0.0365317
0.0464451
0.0461139
0.046379
0.0483455
0.0460053
0.045095
0.0449157
0.035036
0.0342382
0.0433523
0.0427858
0.0426666
0.0442369
0.0418531
0.0405777
0.0400307
0.0309785
0.0294943
0.0370747
0.0361724
0.0354616
0.0363183
0.0339079
0.0319897
0.0307682
0.0232853
0.0205533
0.0252122
0.0236173
0.0215592
0.0210547
0.0185549
0.0145525
0.0122526
0.00856341


Iteration #3 end!	0.000569499

0.00858987
0.0122898
0.0145936
0.0186069
0.0211079
0.0216064
0.0236621
0.0252551
0.020586
0.0233107
0.0307909
0.0320075
0.0339232
0.036335
0.0354757
0.0361893
0.0370944
0.0295163
0.0310132
0.0400787
0.0406318
0.0419228
0.044315
0.0427495
0.042874
0.0434476
0.0343154
0.0351191
0.0450219
0.0452005
0.0461125
0.048457
0.0464841
0.0462152
0.0465431
0.0366078
0.0368628
0.0470395
0.0469455
0.0475399
0.049754
0.0475399
0.0469455
0.0470395
0.0368628
0.0366078
0.0465431
0.0462152
0.0464841
0.048457
0.0461125
0.0452005
0.0450219
0.0351191
0.0343154
0.0434476
0.042874
0.0427495
0.044315
0.0419228
0.0406318
0.0400787
0.0310132
0.0295163
0.0370944
0.0361893
0.0354757
0.036335
0.0339232
0.0320075
0.0307909
0.0233107
0.020586
0.0252551
0.0236621
0.0216064
0.0211079
0.0186069
0.0145936
0.0122898
0.00858987


Iteration #4 end!	0.000209525

0.00858637
0.0122836
0.0145859
0.018598
0.0210993
0.0215988
0.0236587
0.0252539
0.020586
0.0233192
0.0308067
0.0320271
0.0339475
0.0363605
0.0355017
0.036217
0.0371206
0.0295353
0.0310315
0.040101
0.040653
0.0419428
0.0443341
0.0427665
0.0428912
0.0434628
0.0343271
0.0351305
0.0450371
0.0452162
0.0461312
0.0484768
0.046506
0.0462395
0.0465705
0.0366298
0.0368882
0.0470731
0.0469799
0.0475755
0.0497909
0.0475755
0.0469799
0.0470731
0.0368882
0.0366298
0.0465705
0.0462395
0.046506
0.0484768
0.0461312
0.0452162
0.0450371
0.0351305
0.0343271
0.0434628
0.0428912
0.0427665
0.0443341
0.0419428
0.040653
0.040101
0.0310315
0.0295353
0.0371206
0.036217
0.0355017
0.0363605
0.0339475
0.0320271
0.0308067
0.0233192
0.020586
0.0252539
0.0236587
0.0215988
0.0210993
0.018598
0.0145859
0.0122836
0.00858637


Iteration #5 end!	7.85584e-05

0.0085903
0.0122891
0.0145921
0.0186058
0.0211074
0.0216061
0.0236658
0.0252608
0.0205913
0.0233236
0.030811
0.0320307
0.0339508
0.0363641
0.0355049
0.0362204
0.0371245
0.0295393
0.0310372
0.0401087
0.0406615
0.0419535
0.0443459
0.0427789
0.0429042
0.0434767
0.0343382
0.0351422
0.045052
0.0452308
0.0461459
0.048492
0.0465202
0.046253
0.0465834
0.0366398
0.0368971
0.0470842
0.0469902
0.0475858
0.0498013
0.0475858
0.0469902
0.0470842
0.0368971
0.0366398
0.0465834
0.046253
0.0465202
0.048492
0.0461459
0.0452308
0.045052
0.0351422
0.0343382
0.0434767
0.0429042
0.0427789
0.0443459
0.0419535
0.0406615
0.0401087
0.0310372
0.0295393
0.0371245
0.0362204
0.0355049
0.0363641
0.0339508
0.0320307
0.030811
0.0233236
0.0205913
0.0252608
0.0236658
0.0216061
0.0211074
0.0186058
0.0145921
0.0122891
0.0085903


Iteration #6 end!	2.95868e-05

0.00346667
0.00486667
0.00586667
0.00646667
0.00666667
0.00646667
0.00586667
0.00486667
0.00346667
0.00486667
0.00626667
0.00726667
0.00786667
0.00806667
0.00786667
0.00726667
0.00626667
0.00486667
0.00586667
0.00726667
0.00826667
0.00886667
0.00906667
0.00886667
0.00826667
0.00726667
0.00586667
0.00646667
0.00786667
0.00886667
0.00946667
0.00966667
0.00946667
0.00886667
0.00786667
0.00646667
0.00666667
0.00806667
0.00906667
0.00966667
0.00986667
0.00966667
0.00906667
0.00806667
0.00666667
0.00646667
0.00786667
0.00886667
0.00946667
0.00966667
0.00946667
0.00886667
0.00786667
0.00646667
0.00586667
0.00726667
0.00826667
0.00886667
0.00906667
0.00886667
0.00826667
0.00726667
0.00586667
0.00486667
0.00626667
0.00726667
0.00786667
0.00806667
0.00786667
0.00726667
0.00626667
0.00486667
0.00346667
0.00486667
0.00586667
0.00646667
0.00666667
0.00646667
0.00586667
0.00486667
0.00346667




0.0154382
54