0.11941
-0.0215476
0.11941
-0.0215476
-0.272936
-0.0215476
0.11941
-0.0215476
0.11941


1.31825
-0.270298
1.31825
-0.270298
-2.90116
-0.270298
1.31825
-0.270298
1.31825


0.0248617
-0.0369041
0.0248617
-0.0369041
0.0551619
-0.0369041
0.0248617
-0.0369041
0.0248617


1.65471
-2.41158
1.65471
-2.41158
3.5172
-2.41158
1.65471
-2.41158
1.65471


1.62048
-2.4054
1.62048
-2.4054
3.59544
-2.4054
1.62048
-2.4054
1.62048


-7.21645e-14
-8.61533e-14
-7.74936e-14
-8.61533e-14
-9.63674e-14
-8.88178e-14
-7.74936e-14
-8.88178e-14
-8.30447e-14


-0.0973912
0.0407709
-0.171105
0.0407709
0.357953
0.0416485
-0.171105
0.0416485
-0.24833


0.0667881
0.0111446
-0.00692598
0.0111446
-0.0173141
0.0120221
-0.00692598
0.0120221
-0.0841502


0.0745916
-0.000438774
0.000877549
-0.000438774
5.06539e-16
0.000438774
0.000877549
0.000438774
-0.0763467


0.0755147
0.000663284
0.00186883
0.000663284
0.00123271
0.00157492
0.00186883
0.00157492
-0.0752844


2.80753
-0.724998
0.0380887
-0.724998
-0.0108585
0.722498
0.0380887
0.722498
-2.86284


2.80255
-0.7241
0.0331084
-0.7241
0.000525222
0.723397
0.0331084
0.723397
-2.86782


2.80231
-0.723748
0.0328716
-0.723748
6.33673e-15
0.723748
0.0328716
0.723748
-2.86806


2.83274
-0.687419
0.0655496
-0.687419
0.0406368
0.761202
0.0655496
0.761202
-2.83304


-0.0127041
-0.712412
-0.00486935
-0.712412
-0.00581279
0.701858
-0.00486935
0.701858
0.00373201


1.21951             0.365221            4.51861e-14         -1.23078            0.0373356           
0.365221            3.95591             0.104704            -0.502151           0.0152327           
0                   0.104704            6.82458             -0.0328642          0.000996933         
0                   0                   2.53028e-13         0.00323669          0.106698            
0                   0                   0                   0.106698            4.02047             
0                   0                   0                   0                   1.4144              


0.957963            0.286892            0                   0                   0                   0                   
-0.286892           0.957963            0                   0                   0                   0                   
0                   0                   1                   0                   0                   0                   
0                   0                   0                   1                   0                   0                   
0                   0                   0                   0                   1                   0                   
0                   0                   0                   0                   0                   1                   


1.27303             1.48479             0.0300387           -1.3231             0.0401362           
0                   3.68484             0.100302            -0.127942           0.00388113          
0                   0.104704            6.82458             -0.0328642          0.000996933         
0                   0                   2.53028e-13         0.00323669          0.106698            
0                   0                   0                   0.106698            4.02047             
0                   0                   0                   0                   1.4144              


1                   0                   0                   0                   0                   0                   
0                   0.999597            0.0284033           0                   0                   0                   
0                   -0.0284033          0.999597            0                   0                   0                   
0                   0                   0                   1                   0                   0                   
0                   0                   0                   0                   1                   0                   
0                   0                   0                   0                   0                   1                   


1.27303             1.48479             0.0300387           -1.3231             0.0401362           
0                   3.68632             0.294103            -0.128824           0.00390788          
0                   0                   6.81898             -0.0292169          0.000886294         
0                   0                   2.53028e-13         0.00323669          0.106698            
0                   0                   0                   0.106698            4.02047             
0                   0                   0                   0                   1.4144              


1                   0                   0                   0                   0                   0                   
0                   1                   0                   0                   0                   0                   
0                   0                   1                   3.71065e-14         0                   0                   
0                   0                   -3.71065e-14        1                   0                   0                   
0                   0                   0                   0                   1                   0                   
0                   0                   0                   0                   0                   1                   


1.27303             1.48479             0.0300387           -1.3231             0.0401362           
0                   3.68632             0.294103            -0.128824           0.00390788          
0                   0                   6.81898             -0.0292169          0.000886294         
0                   0                   0                   0.00323669          0.106698            
0                   0                   0                   0.106698            4.02047             
0                   0                   0                   0                   1.4144              


1                   0                   0                   0                   0                   0                   
0                   1                   0                   0                   0                   0                   
0                   0                   1                   0                   0                   0                   
0                   0                   0                   0.030321            0.99954             0                   
0                   0                   0                   -0.99954            0.030321            0                   
0                   0                   0                   0                   0                   1                   


1.27303             1.48479             0.0300387           -1.3231             0.0401362           
0                   3.68632             0.294103            -0.128824           0.00390788          
0                   0                   6.81898             -0.0292169          0.000886294         
0                   0                   0                   0.106748            4.02186             
0                   0                   0                   -4.33681e-19        0.0152554           
0                   0                   0                   0                   1.4144              


1                   0                   0                   0                   0                   0                   
0                   1                   0                   0                   0                   0                   
0                   0                   1                   0                   0                   0                   
0                   0                   0                   1                   0                   0                   
0                   0                   0                   0                   0.0107852           0.999942            
0                   0                   0                   0                   -0.999942           0.0107852           


1.27303             1.48479             0.0300387           -1.3231             0.0401362           
0                   3.68632             0.294103            -0.128824           0.00390788          
0                   0                   6.81898             -0.0292169          0.000886294         
0                   0                   0                   0.106748            4.02186             
0                   0                   0                   -4.67732e-21        1.41448             
0                   0                   0                   4.33656e-19         0                   


Iteration #0 end!	0.14149

-0.357771
0.0298142
-0.655913
0.0298142
-1.55034
0.506842
-0.655913
0.506842
-0.954056


-1.00636
0.568077
-1.76702
0.568077
-3.64149
1.05466
-1.76702
1.05466
-2.52767


-0.127255
0.494819
-0.155323
0.494819
0.167965
-0.190743
-0.155323
-0.190743
-0.183392


-1.80581
2.52304
-1.11503
2.52304
0.0767688
-0.713601
-1.11503
-0.713601
-0.424242


-1.67054
2.51176
-0.867026
2.51176
0.662952
-0.905238
-0.867026
-0.905238
-0.0635136


-1.03569
0.0432294
-0.0921537
0.0432294
-0.174988
0.0463357
-0.0921537
0.0463357
0.851386


-3.10674
1.08407
-0.336573
1.08407
-0.645765
-0.293028
-0.336573
-0.293028
2.4336


-3.10674
1.08407
-0.336573
1.08407
-0.645765
-0.293028
-0.336573
-0.293028
2.4336


-2.89801
0.272414
-0.0817946
0.272414
-0.92128
0.0198503
-0.0817946
0.0198503
2.73442


0.193259
0.143386
0.193259
0.143386
-0.398987
-0.118449
0.193259
-0.118449
0.193259


0.791155
0.953443
1.21716
0.953443
-2.67775
-0.750583
1.21716
-0.750583
1.64317


0.791155
0.953443
1.21716
0.953443
-2.67775
-0.750583
1.21716
-0.750583
1.64317


0.791155
0.953443
1.21716
0.953443
-2.67775
-0.750583
1.21716
-0.750583
1.64317


1.25877
0.933925
1.25877
0.933925
-2.59875
-0.771503
1.25877
-0.771503
1.25877


3.13083e-14
2.28706e-14
4.17444e-14
2.28706e-14
9.99201e-14
-7.77156e-16
4.17444e-14
-7.77156e-16
5.26246e-14


2.4                 2.19494             2.20657e-15         -6.38378e-15        3.68039e-14         
2.19494             5.39336             0.829907            -2.35367e-14        1.37446e-13         
0                   0.829907            4.14022             1.36131             1.19904e-14         
0                   0                   1.36131             4.06313             0.614627            
0                   0                   0                   0.614627            4.00329             
0                   0                   0                   0                   1.35152e-13         


0.737928            0.674879            0                   0                   0                   0                   
-0.674879           0.737928            0                   0                   0                   0                   
0                   0                   1                   0                   0                   0                   
0                   0                   0                   1                   0                   0                   
0                   0                   0                   0                   1                   0                   
0                   0                   0                   0                   0                   1                   


3.25235             5.25958             0.560087            -2.05952e-14        1.19918e-13         
0                   2.49859             0.612412            -1.30601e-14        7.65868e-14         
0                   0.829907            4.14022             1.36131             1.19904e-14         
0                   0                   1.36131             4.06313             0.614627            
0                   0                   0                   0.614627            4.00329             
0                   0                   0                   0                   1.35152e-13         


1                   0                   0                   0                   0                   0                   
0                   0.949019            0.315217            0                   0                   0                   
0                   -0.315217           0.949019            0                   0                   0                   
0                   0                   0                   1                   0                   0                   
0                   0                   0                   0                   1                   0                   
0                   0                   0                   0                   0                   1                   


3.25235             5.25958             0.560087            -2.05952e-14        1.19918e-13         
0                   2.63281             1.88626             0.429108            7.64619e-14         
0                   -1.11022e-16        3.7361              1.29191             -1.27624e-14        
0                   0                   1.36131             4.06313             0.614627            
0                   0                   0                   0.614627            4.00329             
0                   0                   0                   0                   1.35152e-13         


1                   0                   0                   0                   0                   0                   
0                   1                   0                   0                   0                   0                   
0                   0                   0.939573            0.342348            0                   0                   
0                   0                   -0.342348           0.939573            0                   0                   
0                   0                   0                   0                   1                   0                   
0                   0                   0                   0                   0                   1                   


3.25235             5.25958             0.560087            -2.05952e-14        1.19918e-13         
0                   2.63281             1.88626             0.429108            7.64619e-14         
0                   -1.04314e-16        3.97638             2.60485             0.210417            
0                   3.80083e-17         2.22045e-16         3.37533             0.577487            
0                   0                   0                   0.614627            4.00329             
0                   0                   0                   0                   1.35152e-13         


1                   0                   0                   0                   0                   0                   
0                   1                   0                   0                   0                   0                   
0                   0                   1                   0                   0                   0                   
0                   0                   0                   0.983822            0.179148            0                   
0                   0                   0                   -0.179148           0.983822            0                   
0                   0                   0                   0                   0                   1                   


3.25235             5.25958             0.560087            -2.05952e-14        1.19918e-13         
0                   2.63281             1.88626             0.429108            7.64619e-14         
0                   -1.04314e-16        3.97638             2.60485             0.210417            
0                   3.73934e-17         2.18452e-16         3.43083             1.28533             
0                   -6.80911e-18        -3.97789e-17        0                   3.83507             
0                   0                   0                   0                   1.35152e-13         


1                   0                   0                   0                   0                   0                   
0                   1                   0                   0                   0                   0                   
0                   0                   1                   0                   0                   0                   
0                   0                   0                   1                   0                   0                   
0                   0                   0                   0                   1                   3.52411e-14         
0                   0                   0                   0                   -3.52411e-14        1                   


3.25235             5.25958             0.560087            -2.05952e-14        1.19918e-13         
0                   2.63281             1.88626             0.429108            7.64619e-14         
0                   -1.04314e-16        3.97638             2.60485             0.210417            
0                   3.73934e-17         2.18452e-16         3.43083             1.28533             
0                   -6.80911e-18        -3.97789e-17        0                   3.83507             
0                   2.39961e-31         1.40185e-30         0                   0                   


Iteration #1 end!	4.65475e-17

0.0351562
0.046875
0.0351562
0.046875
0.0625
0.046875
0.0351562
0.046875
0.0351562




0.00585938	4