Iteration #0 end!	0.0138951

Iteration #1 end!	0.00410496

Iteration #2 end!	0.00175091

Iteration #3 end!	0.00127299

Iteration #4 end!	0.00107475

Iteration #5 end!	0.000934924

Iteration #6 end!	0.000815949

Iteration #7 end!	0.000713063

Iteration #8 end!	0.00062363

Iteration #9 end!	0.000545731

Iteration #10 end!	0.000477769

Iteration #11 end!	0.000418414

Iteration #12 end!	0.00036653

Iteration #13 end!	0.000321147

Iteration #14 end!	0.000281432

Iteration #15 end!	0.000246662

Iteration #16 end!	0.000216212

Iteration #17 end!	0.000189539

Iteration #18 end!	0.00016617

Iteration #19 end!	0.000145693

Iteration #20 end!	0.000127746

Iteration #21 end!	0.000112016

Iteration #22 end!	9.82276e-05

Iteration #23 end!	8.61399e-05

Iteration #24 end!	7.55427e-05

Iteration #25 end!	6.62515e-05

Iteration #26 end!	5.8105e-05

Iteration #27 end!	5.09618e-05

Iteration #28 end!	4.46981e-05

Iteration #29 end!	3.92054e-05

Iteration #30 end!	3.43885e-05

Iteration #31 end!	3.01642e-05

Iteration #32 end!	2.64594e-05

Iteration #33 end!	2.32102e-05

Iteration #34 end!	2.03603e-05

Iteration #35 end!	1.78608e-05

Iteration #36 end!	1.56683e-05

Iteration #37 end!	1.37452e-05

3.11467e-05
4.61867e-05
6.05867e-05
7.43467e-05
8.74667e-05
9.99467e-05
0.000111787
0.000122987
0.000133547
0.000143467
0.000152747
0.000161387
0.000169387
0.000176747
0.000183467
0.000189547
0.000194987
0.000199787
0.000203947
0.000207467
0.000210347
0.000212587
0.000214187
0.000215147
0.000215467
0.000215147
0.000214187
0.000212587
0.000210347
0.000207467
0.000203947
0.000199787
0.000194987
0.000189547
0.000183467
0.000176747
0.000169387
0.000161387
0.000152747
0.000143467
0.000133547
0.000122987
0.000111787
9.99467e-05
8.74667e-05
7.43467e-05
6.05867e-05
4.61867e-05
3.11467e-05
4.61867e-05
6.12267e-05
7.56267e-05
8.93867e-05
0.000102507
0.000114987
0.000126827
0.000138027
0.000148587
0.000158507
0.000167787
0.000176427
0.000184427
0.000191787
0.000198507
0.000204587
0.000210027
0.000214827
0.000218987
0.000222507
0.000225387
0.000227627
0.000229227
0.000230187
0.000230507
0.000230187
0.000229227
0.000227627
0.000225387
0.000222507
0.000218987
0.000214827
0.000210027
0.000204587
0.000198507
0.000191787
0.000184427
0.000176427
0.000167787
0.000158507
0.000148587
0.000138027
0.000126827
0.000114987
0.000102507
8.93867e-05
7.56267e-05
6.12267e-05
4.61867e-05
6.05867e-05
7.56267e-05
9.00267e-05
0.000103787
0.000116907
0.000129387
0.000141227
0.000152427
0.000162987
0.000172907
0.000182187
0.000190827
0.000198827
0.000206187
0.000212907
0.000218987
0.000224427
0.000229227
0.000233387
0.000236907
0.000239787
0.000242027
0.000243627
0.000244587
0.000244907
0.000244587
0.000243627
0.000242027
0.000239787
0.000236907
0.000233387
0.000229227
0.000224427
0.000218987
0.000212907
0.000206187
0.000198827
0.000190827
0.000182187
0.000172907
0.000162987
0.000152427
0.000141227
0.000129387
0.000116907
0.000103787
9.00267e-05
7.56267e-05
6.05867e-05
7.43467e-05
8.93867e-05
0.000103787
0.000117547
0.000130667
0.000143147
0.000154987
0.000166187
0.000176747
0.000186667
0.000195947
0.000204587
0.000212587
0.000219947
0.000226667
0.000232747
0.000238187
0.000242987
0.000247147
0.000250667
0.000253547
0.000255787
0.000257387
0.000258347
0.000258667
0.000258347
0.000257387
0.000255787
0.000253547
0.000250667
0.000247147
0.000242987
0.000238187
0.000232747
0.000226667
0.000219947
0.000212587
0.000204587
0.000195947
0.000186667
0.000176747
0.000166187
0.000154987
0.000143147
0.000130667
0.000117547
0.000103787
8.93867e-05
7.43467e-05
8.74667e-05
0.000102507
0.000116907
0.000130667
0.000143787
0.000156267
0.000168107
0.000179307
0.000189867
0.000199787
0.000209067
0.000217707
0.000225707
0.000233067
0.000239787
0.000245867
0.000251307
0.000256107
0.000260267
0.000263787
0.000266667
0.000268907
0.000270507
0.000271467
0.000271787
0.000271467
0.000270507
0.000268907
0.000266667
0.000263787
0.000260267
0.000256107
0.000251307
0.000245867
0.000239787
0.000233067
0.000225707
0.000217707
0.000209067
0.000199787
0.000189867
0.000179307
0.000168107
0.000156267
0.000143787
0.000130667
0.000116907
0.000102507
8.74667e-05
9.99467e-05
0.000114987
0.000129387
0.000143147
0.000156267
0.000168747
0.000180587
0.000191787
0.000202347
0.000212267
0.000221547
0.000230187
0.000238187
0.000245547
0.000252267
0.000258347
0.000263787
0.000268587
0.000272747
0.000276267
0.000279147
0.000281387
0.000282987
0.000283947
0.000284267
0.000283947
0.000282987
0.000281387
0.000279147
0.000276267
0.000272747
0.000268587
0.000263787
0.000258347
0.000252267
0.000245547
0.000238187
0.000230187
0.000221547
0.000212267
0.000202347
0.000191787
0.000180587
0.000168747
0.000156267
0.000143147
0.000129387
0.000114987
9.99467e-05
0.000111787
0.000126827
0.000141227
0.000154987
0.000168107
0.000180587
0.000192427
0.000203627
0.000214187
0.000224107
0.000233387
0.000242027
0.000250027
0.000257387
0.000264107
0.000270187
0.000275627
0.000280427
0.000284587
0.000288107
0.000290987
0.000293227
0.000294827
0.000295787
0.000296107
0.000295787
0.000294827
0.000293227
0.000290987
0.000288107
0.000284587
0.000280427
0.000275627
0.000270187
0.000264107
0.000257387
0.000250027
0.000242027
0.000233387
0.000224107
0.000214187
0.000203627
0.000192427
0.000180587
0.000168107
0.000154987
0.000141227
0.000126827
0.000111787
0.000122987
0.000138027
0.000152427
0.000166187
0.000179307
0.000191787
0.000203627
0.000214827
0.000225387
0.000235307
0.000244587
0.000253227
0.000261227
0.000268587
0.000275307
0.000281387
0.000286827
0.000291627
0.000295787
0.000299307
0.000302187
0.000304427
0.000306027
0.000306987
0.000307307
0.000306987
0.000306027
0.000304427
0.000302187
0.000299307
0.000295787
0.000291627
0.000286827
0.000281387
0.000275307
0.000268587
0.000261227
0.000253227
0.000244587
0.000235307
0.000225387
0.000214827
0.000203627
0.000191787
0.000179307
0.000166187
0.000152427
0.000138027
0.000122987
0.000133547
0.000148587
0.000162987
0.000176747
0.000189867
0.000202347
0.000214187
0.000225387
0.000235947
0.000245867
0.000255147
0.000263787
0.000271787
0.000279147
0.000285867
0.000291947
0.000297387
0.000302187
0.000306347
0.000309867
0.000312747
0.000314987
0.000316587
0.000317547
0.000317867
0.000317547
0.000316587
0.000314987
0.000312747
0.000309867
0.000306347
0.000302187
0.000297387
0.000291947
0.000285867
0.000279147
0.000271787
0.000263787
0.000255147
0.000245867
0.000235947
0.000225387
0.000214187
0.000202347
0.000189867
0.000176747
0.000162987
0.000148587
0.000133547
0.000143467
0.000158507
0.000172907
0.000186667
0.000199787
0.000212267
0.000224107
0.000235307
0.000245867
0.000255787
0.000265067
0.000273707
0.000281707
0.000289067
0.000295787
0.000301867
0.000307307
0.000312107
0.000316267
0.000319787
0.000322667
0.000324907
0.000326507
0.000327467
0.000327787
0.000327467
0.000326507
0.000324907
0.000322667
0.000319787
0.000316267
0.000312107
0.000307307
0.000301867
0.000295787
0.000289067
0.000281707
0.000273707
0.000265067
0.000255787
0.000245867
0.000235307
0.000224107
0.000212267
0.000199787
0.000186667
0.000172907
0.000158507
0.000143467
0.000152747
0.000167787
0.000182187
0.000195947
0.000209067
0.000221547
0.000233387
0.000244587
0.000255147
0.000265067
0.000274347
0.000282987
0.000290987
0.000298347
0.000305067
0.000311147
0.000316587
0.000321387
0.000325547
0.000329067
0.000331947
0.000334187
0.000335787
0.000336747
0.000337067
0.000336747
0.000335787
0.000334187
0.000331947
0.000329067
0.000325547
0.000321387
0.000316587
0.000311147
0.000305067
0.000298347
0.000290987
0.000282987
0.000274347
0.000265067
0.000255147
0.000244587
0.000233387
0.000221547
0.000209067
0.000195947
0.000182187
0.000167787
0.000152747
0.000161387
0.000176427
0.000190827
0.000204587
0.000217707
0.000230187
0.000242027
0.000253227
0.000263787
0.000273707
0.000282987
0.000291627
0.000299627
0.000306987
0.000313707
0.000319787
0.000325227
0.000330027
0.000334187
0.000337707
0.000340587
0.000342827
0.000344427
0.000345387
0.000345707
0.000345387
0.000344427
0.000342827
0.000340587
0.000337707
0.000334187
0.000330027
0.000325227
0.000319787
0.000313707
0.000306987
0.000299627
0.000291627
0.000282987
0.000273707
0.000263787
0.000253227
0.000242027
0.000230187
0.000217707
0.000204587
0.000190827
0.000176427
0.000161387
0.000169387
0.000184427
0.000198827
0.000212587
0.000225707
0.000238187
0.000250027
0.000261227
0.000271787
0.000281707
0.000290987
0.000299627
0.000307627
0.000314987
0.000321707
0.000327787
0.000333227
0.000338027
0.000342187
0.000345707
0.000348587
0.000350827
0.000352427
0.000353387
0.000353707
0.000353387
0.000352427
0.000350827
0.000348587
0.000345707
0.000342187
0.000338027
0.000333227
0.000327787
0.000321707
0.000314987
0.000307627
0.000299627
0.000290987
0.000281707
0.000271787
0.000261227
0.000250027
0.000238187
0.000225707
0.000212587
0.000198827
0.000184427
0.000169387
0.000176747
0.000191787
0.000206187
0.000219947
0.000233067
0.000245547
0.000257387
0.000268587
0.000279147
0.000289067
0.000298347
0.000306987
0.000314987
0.000322347
0.000329067
0.000335147
0.000340587
0.000345387
0.000349547
0.000353067
0.000355947
0.000358187
0.000359787
0.000360747
0.000361067
0.000360747
0.000359787
0.000358187
0.000355947
0.000353067
0.000349547
0.000345387
0.000340587
0.000335147
0.000329067
0.000322347
0.000314987
0.000306987
0.000298347
0.000289067
0.000279147
0.000268587
0.000257387
0.000245547
0.000233067
0.000219947
0.000206187
0.000191787
0.000176747
0.000183467
0.000198507
0.000212907
0.000226667
0.000239787
0.000252267
0.000264107
0.000275307
0.000285867
0.000295787
0.000305067
0.000313707
0.000321707
0.000329067
0.000335787
0.000341867
0.000347307
0.000352107
0.000356267
0.000359787
0.000362667
0.000364907
0.000366507
0.000367467
0.000367787
0.000367467
0.000366507
0.000364907
0.000362667
0.000359787
0.000356267
0.000352107
0.000347307
0.000341867
0.000335787
0.000329067
0.000321707
0.000313707
0.000305067
0.000295787
0.000285867
0.000275307
0.000264107
0.000252267
0.000239787
0.000226667
0.000212907
0.000198507
0.000183467
0.000189547
0.000204587
0.000218987
0.000232747
0.000245867
0.000258347
0.000270187
0.000281387
0.000291947
0.000301867
0.000311147
0.000319787
0.000327787
0.000335147
0.000341867
0.000347947
0.000353387
0.000358187
0.000362347
0.000365867
0.000368747
0.000370987
0.000372587
0.000373547
0.000373867
0.000373547
0.000372587
0.000370987
0.000368747
0.000365867
0.000362347
0.000358187
0.000353387
0.000347947
0.000341867
0.000335147
0.000327787
0.000319787
0.000311147
0.000301867
0.000291947
0.000281387
0.000270187
0.000258347
0.000245867
0.000232747
0.000218987
0.000204587
0.000189547
0.000194987
0.000210027
0.000224427
0.000238187
0.000251307
0.000263787
0.000275627
0.000286827
0.000297387
0.000307307
0.000316587
0.000325227
0.000333227
0.000340587
0.000347307
0.000353387
0.000358827
0.000363627
0.000367787
0.000371307
0.000374187
0.000376427
0.000378027
0.000378987
0.000379307
0.000378987
0.000378027
0.000376427
0.000374187
0.000371307
0.000367787
0.000363627
0.000358827
0.000353387
0.000347307
0.000340587
0.000333227
0.000325227
0.000316587
0.000307307
0.000297387
0.000286827
0.000275627
0.000263787
0.000251307
0.000238187
0.000224427
0.000210027
0.000194987
0.000199787
0.000214827
0.000229227
0.000242987
0.000256107
0.000268587
0.000280427
0.000291627
0.000302187
0.000312107
0.000321387
0.000330027
0.000338027
0.000345387
0.000352107
0.000358187
0.000363627
0.000368427
0.000372587
0.000376107
0.000378987
0.000381227
0.000382827
0.000383787
0.000384107
0.000383787
0.000382827
0.000381227
0.000378987
0.000376107
0.000372587
0.000368427
0.000363627
0.000358187
0.000352107
0.000345387
0.000338027
0.000330027
0.000321387
0.000312107
0.000302187
0.000291627
0.000280427
0.000268587
0.000256107
0.000242987
0.000229227
0.000214827
0.000199787
0.000203947
0.000218987
0.000233387
0.000247147
0.000260267
0.000272747
0.000284587
0.000295787
0.000306347
0.000316267
0.000325547
0.000334187
0.000342187
0.000349547
0.000356267
0.000362347
0.000367787
0.000372587
0.000376747
0.000380267
0.000383147
0.000385387
0.000386987
0.000387947
0.000388267
0.000387947
0.000386987
0.000385387
0.000383147
0.000380267
0.000376747
0.000372587
0.000367787
0.000362347
0.000356267
0.000349547
0.000342187
0.000334187
0.000325547
0.000316267
0.000306347
0.000295787
0.000284587
0.000272747
0.000260267
0.000247147
0.000233387
0.000218987
0.000203947
0.000207467
0.000222507
0.000236907
0.000250667
0.000263787
0.000276267
0.000288107
0.000299307
0.000309867
0.000319787
0.000329067
0.000337707
0.000345707
0.000353067
0.000359787
0.000365867
0.000371307
0.000376107
0.000380267
0.000383787
0.000386667
0.000388907
0.000390507
0.000391467
0.000391787
0.000391467
0.000390507
0.000388907
0.000386667
0.000383787
0.000380267
0.000376107
0.000371307
0.000365867
0.000359787
0.000353067
0.000345707
0.000337707
0.000329067
0.000319787
0.000309867
0.000299307
0.000288107
0.000276267
0.000263787
0.000250667
0.000236907
0.000222507
0.000207467
0.000210347
0.000225387
0.000239787
0.000253547
0.000266667
0.000279147
0.000290987
0.000302187
0.000312747
0.000322667
0.000331947
0.000340587
0.000348587
0.000355947
0.000362667
0.000368747
0.000374187
0.000378987
0.000383147
0.000386667
0.000389547
0.000391787
0.000393387
0.000394347
0.000394667
0.000394347
0.000393387
0.000391787
0.000389547
0.000386667
0.000383147
0.000378987
0.000374187
0.000368747
0.000362667
0.000355947
0.000348587
0.000340587
0.000331947
0.000322667
0.000312747
0.000302187
0.000290987
0.000279147
0.000266667
0.000253547
0.000239787
0.000225387
0.000210347
0.000212587
0.000227627
0.000242027
0.000255787
0.000268907
0.000281387
0.000293227
0.000304427
0.000314987
0.000324907
0.000334187
0.000342827
0.000350827
0.000358187
0.000364907
0.000370987
0.000376427
0.000381227
0.000385387
0.000388907
0.000391787
0.000394027
0.000395627
0.000396587
0.000396907
0.000396587
0.000395627
0.000394027
0.000391787
0.000388907
0.000385387
0.000381227
0.000376427
0.000370987
0.000364907
0.000358187
0.000350827
0.000342827
0.000334187
0.000324907
0.000314987
0.000304427
0.000293227
0.000281387
0.000268907
0.000255787
0.000242027
0.000227627
0.000212587
0.000214187
0.000229227
0.000243627
0.000257387
0.000270507
0.000282987
0.000294827
0.000306027
0.000316587
0.000326507
0.000335787
0.000344427
0.000352427
0.000359787
0.000366507
0.000372587
0.000378027
0.000382827
0.000386987
0.000390507
0.000393387
0.000395627
0.000397227
0.000398187
0.000398507
0.000398187
0.000397227
0.000395627
0.000393387
0.000390507
0.000386987
0.000382827
0.000378027
0.000372587
0.000366507
0.000359787
0.000352427
0.000344427
0.000335787
0.000326507
0.000316587
0.000306027
0.000294827
0.000282987
0.000270507
0.000257387
0.000243627
0.000229227
0.000214187
0.000215147
0.000230187
0.000244587
0.000258347
0.000271467
0.000283947
0.000295787
0.000306987
0.000317547
0.000327467
0.000336747
0.000345387
0.000353387
0.000360747
0.000367467
0.000373547
0.000378987
0.000383787
0.000387947
0.000391467
0.000394347
0.000396587
0.000398187
0.000399147
0.000399467
0.000399147
0.000398187
0.000396587
0.000394347
0.000391467
0.000387947
0.000383787
0.000378987
0.000373547
0.000367467
0.000360747
0.000353387
0.000345387
0.000336747
0.000327467
0.000317547
0.000306987
0.000295787
0.000283947
0.000271467
0.000258347
0.000244587
0.000230187
0.000215147
0.000215467
0.000230507
0.000244907
0.000258667
0.000271787
0.000284267
0.000296107
0.000307307
0.000317867
0.000327787
0.000337067
0.000345707
0.000353707
0.000361067
0.000367787
0.000373867
0.000379307
0.000384107
0.000388267
0.000391787
0.000394667
0.000396907
0.000398507
0.000399467
0.000399787
0.000399467
0.000398507
0.000396907
0.000394667
0.000391787
0.000388267
0.000384107
0.000379307
0.000373867
0.000367787
0.000361067
0.000353707
0.000345707
0.000337067
0.000327787
0.000317867
0.000307307
0.000296107
0.000284267
0.000271787
0.000258667
0.000244907
0.000230507
0.000215467
0.000215147
0.000230187
0.000244587
0.000258347
0.000271467
0.000283947
0.000295787
0.000306987
0.000317547
0.000327467
0.000336747
0.000345387
0.000353387
0.000360747
0.000367467
0.000373547
0.000378987
0.000383787
0.000387947
0.000391467
0.000394347
0.000396587
0.000398187
0.000399147
0.000399467
0.000399147
0.000398187
0.000396587
0.000394347
0.000391467
0.000387947
0.000383787
0.000378987
0.000373547
0.000367467
0.000360747
0.000353387
0.000345387
0.000336747
0.000327467
0.000317547
0.000306987
0.000295787
0.000283947
0.000271467
0.000258347
0.000244587
0.000230187
0.000215147
0.000214187
0.000229227
0.000243627
0.000257387
0.000270507
0.000282987
0.000294827
0.000306027
0.000316587
0.000326507
0.000335787
0.000344427
0.000352427
0.000359787
0.000366507
0.000372587
0.000378027
0.000382827
0.000386987
0.000390507
0.000393387
0.000395627
0.000397227
0.000398187
0.000398507
0.000398187
0.000397227
0.000395627
0.000393387
0.000390507
0.000386987
0.000382827
0.000378027
0.000372587
0.000366507
0.000359787
0.000352427
0.000344427
0.000335787
0.000326507
0.000316587
0.000306027
0.000294827
0.000282987
0.000270507
0.000257387
0.000243627
0.000229227
0.000214187
0.000212587
0.000227627
0.000242027
0.000255787
0.000268907
0.000281387
0.000293227
0.000304427
0.000314987
0.000324907
0.000334187
0.000342827
0.000350827
0.000358187
0.000364907
0.000370987
0.000376427
0.000381227
0.000385387
0.000388907
0.000391787
0.000394027
0.000395627
0.000396587
0.000396907
0.000396587
0.000395627
0.000394027
0.000391787
0.000388907
0.000385387
0.000381227
0.000376427
0.000370987
0.000364907
0.000358187
0.000350827
0.000342827
0.000334187
0.000324907
0.000314987
0.000304427
0.000293227
0.000281387
0.000268907
0.000255787
0.000242027
0.000227627
0.000212587
0.000210347
0.000225387
0.000239787
0.000253547
0.000266667
0.000279147
0.000290987
0.000302187
0.000312747
0.000322667
0.000331947
0.000340587
0.000348587
0.000355947
0.000362667
0.000368747
0.000374187
0.000378987
0.000383147
0.000386667
0.000389547
0.000391787
0.000393387
0.000394347
0.000394667
0.000394347
0.000393387
0.000391787
0.000389547
0.000386667
0.000383147
0.000378987
0.000374187
0.000368747
0.000362667
0.000355947
0.000348587
0.000340587
0.000331947
0.000322667
0.000312747
0.000302187
0.000290987
0.000279147
0.000266667
0.000253547
0.000239787
0.000225387
0.000210347
0.000207467
0.000222507
0.000236907
0.000250667
0.000263787
0.000276267
0.000288107
0.000299307
0.000309867
0.000319787
0.000329067
0.000337707
0.000345707
0.000353067
0.000359787
0.000365867
0.000371307
0.000376107
0.000380267
0.000383787
0.000386667
0.000388907
0.000390507
0.000391467
0.000391787
0.000391467
0.000390507
0.000388907
0.000386667
0.000383787
0.000380267
0.000376107
0.000371307
0.000365867
0.000359787
0.000353067
0.000345707
0.000337707
0.000329067
0.000319787
0.000309867
0.000299307
0.000288107
0.000276267
0.000263787
0.000250667
0.000236907
0.000222507
0.000207467
0.000203947
0.000218987
0.000233387
0.000247147
0.000260267
0.000272747
0.000284587
0.000295787
0.000306347
0.000316267
0.000325547
0.000334187
0.000342187
0.000349547
0.000356267
0.000362347
0.000367787
0.000372587
0.000376747
0.000380267
0.000383147
0.000385387
0.000386987
0.000387947
0.000388267
0.000387947
0.000386987
0.000385387
0.000383147
0.000380267
0.000376747
0.000372587
0.000367787
0.000362347
0.000356267
0.000349547
0.000342187
0.000334187
0.000325547
0.000316267
0.000306347
0.000295787
0.000284587
0.000272747
0.000260267
0.000247147
0.000233387
0.000218987
0.000203947
0.000199787
0.000214827
0.000229227
0.000242987
0.000256107
0.000268587
0.000280427
0.000291627
0.000302187
0.000312107
0.000321387
0.000330027
0.000338027
0.000345387
0.000352107
0.000358187
0.000363627
0.000368427
0.000372587
0.000376107
0.000378987
0.000381227
0.000382827
0.000383787
0.000384107
0.000383787
0.000382827
0.000381227
0.000378987
0.000376107
0.000372587
0.000368427
0.000363627
0.000358187
0.000352107
0.000345387
0.000338027
0.000330027
0.000321387
0.000312107
0.000302187
0.000291627
0.000280427
0.000268587
0.000256107
0.000242987
0.000229227
0.000214827
0.000199787
0.000194987
0.000210027
0.000224427
0.000238187
0.000251307
0.000263787
0.000275627
0.000286827
0.000297387
0.000307307
0.000316587
0.000325227
0.000333227
0.000340587
0.000347307
0.000353387
0.000358827
0.000363627
0.000367787
0.000371307
0.000374187
0.000376427
0.000378027
0.000378987
0.000379307
0.000378987
0.000378027
0.000376427
0.000374187
0.000371307
0.000367787
0.000363627
0.000358827
0.000353387
0.000347307
0.000340587
0.000333227
0.000325227
0.000316587
0.000307307
0.000297387
0.000286827
0.000275627
0.000263787
0.000251307
0.000238187
0.000224427
0.000210027
0.000194987
0.000189547
0.000204587
0.000218987
0.000232747
0.000245867
0.000258347
0.000270187
0.000281387
0.000291947
0.000301867
0.000311147
0.000319787
0.000327787
0.000335147
0.000341867
0.000347947
0.000353387
0.000358187
0.000362347
0.000365867
0.000368747
0.000370987
0.000372587
0.000373547
0.000373867
0.000373547
0.000372587
0.000370987
0.000368747
0.000365867
0.000362347
0.000358187
0.000353387
0.000347947
0.000341867
0.000335147
0.000327787
0.000319787
0.000311147
0.000301867
0.000291947
0.000281387
0.000270187
0.000258347
0.000245867
0.000232747
0.000218987
0.000204587
0.000189547
0.000183467
0.000198507
0.000212907
0.000226667
0.000239787
0.000252267
0.000264107
0.000275307
0.000285867
0.000295787
0.000305067
0.000313707
0.000321707
0.000329067
0.000335787
0.000341867
0.000347307
0.000352107
0.000356267
0.000359787
0.000362667
0.000364907
0.000366507
0.000367467
0.000367787
0.000367467
0.000366507
0.000364907
0.000362667
0.000359787
0.000356267
0.000352107
0.000347307
0.000341867
0.000335787
0.000329067
0.000321707
0.000313707
0.000305067
0.000295787
0.000285867
0.000275307
0.000264107
0.000252267
0.000239787
0.000226667
0.000212907
0.000198507
0.000183467
0.000176747
0.000191787
0.000206187
0.000219947
0.000233067
0.000245547
0.000257387
0.000268587
0.000279147
0.000289067
0.000298347
0.000306987
0.000314987
0.000322347
0.000329067
0.000335147
0.000340587
0.000345387
0.000349547
0.000353067
0.000355947
0.000358187
0.000359787
0.000360747
0.000361067
0.000360747
0.000359787
0.000358187
0.000355947
0.000353067
0.000349547
0.000345387
0.000340587
0.000335147
0.000329067
0.000322347
0.000314987
0.000306987
0.000298347
0.000289067
0.000279147
0.000268587
0.000257387
0.000245547
0.000233067
0.000219947
0.000206187
0.000191787
0.000176747
0.000169387
0.000184427
0.000198827
0.000212587
0.000225707
0.000238187
0.000250027
0.000261227
0.000271787
0.000281707
0.000290987
0.000299627
0.000307627
0.000314987
0.000321707
0.000327787
0.000333227
0.000338027
0.000342187
0.000345707
0.000348587
0.000350827
0.000352427
0.000353387
0.000353707
0.000353387
0.000352427
0.000350827
0.000348587
0.000345707
0.000342187
0.000338027
0.000333227
0.000327787
0.000321707
0.000314987
0.000307627
0.000299627
0.000290987
0.000281707
0.000271787
0.000261227
0.000250027
0.000238187
0.000225707
0.000212587
0.000198827
0.000184427
0.000169387
0.000161387
0.000176427
0.000190827
0.000204587
0.000217707
0.000230187
0.000242027
0.000253227
0.000263787
0.000273707
0.000282987
0.000291627
0.000299627
0.000306987
0.000313707
0.000319787
0.000325227
0.000330027
0.000334187
0.000337707
0.000340587
0.000342827
0.000344427
0.000345387
0.000345707
0.000345387
0.000344427
0.000342827
0.000340587
0.000337707
0.000334187
0.000330027
0.000325227
0.000319787
0.000313707
0.000306987
0.000299627
0.000291627
0.000282987
0.000273707
0.000263787
0.000253227
0.000242027
0.000230187
0.000217707
0.000204587
0.000190827
0.000176427
0.000161387
0.000152747
0.000167787
0.000182187
0.000195947
0.000209067
0.000221547
0.000233387
0.000244587
0.000255147
0.000265067
0.000274347
0.000282987
0.000290987
0.000298347
0.000305067
0.000311147
0.000316587
0.000321387
0.000325547
0.000329067
0.000331947
0.000334187
0.000335787
0.000336747
0.000337067
0.000336747
0.000335787
0.000334187
0.000331947
0.000329067
0.000325547
0.000321387
0.000316587
0.000311147
0.000305067
0.000298347
0.000290987
0.000282987
0.000274347
0.000265067
0.000255147
0.000244587
0.000233387
0.000221547
0.000209067
0.000195947
0.000182187
0.000167787
0.000152747
0.000143467
0.000158507
0.000172907
0.000186667
0.000199787
0.000212267
0.000224107
0.000235307
0.000245867
0.000255787
0.000265067
0.000273707
0.000281707
0.000289067
0.000295787
0.000301867
0.000307307
0.000312107
0.000316267
0.000319787
0.000322667
0.000324907
0.000326507
0.000327467
0.000327787
0.000327467
0.000326507
0.000324907
0.000322667
0.000319787
0.000316267
0.000312107
0.000307307
0.000301867
0.000295787
0.000289067
0.000281707
0.000273707
0.000265067
0.000255787
0.000245867
0.000235307
0.000224107
0.000212267
0.000199787
0.000186667
0.000172907
0.000158507
0.000143467
0.000133547
0.000148587
0.000162987
0.000176747
0.000189867
0.000202347
0.000214187
0.000225387
0.000235947
0.000245867
0.000255147
0.000263787
0.000271787
0.000279147
0.000285867
0.000291947
0.000297387
0.000302187
0.000306347
0.000309867
0.000312747
0.000314987
0.000316587
0.000317547
0.000317867
0.000317547
0.000316587
0.000314987
0.000312747
0.000309867
0.000306347
0.000302187
0.000297387
0.000291947
0.000285867
0.000279147
0.000271787
0.000263787
0.000255147
0.000245867
0.000235947
0.000225387
0.000214187
0.000202347
0.000189867
0.000176747
0.000162987
0.000148587
0.000133547
0.000122987
0.000138027
0.000152427
0.000166187
0.000179307
0.000191787
0.000203627
0.000214827
0.000225387
0.000235307
0.000244587
0.000253227
0.000261227
0.000268587
0.000275307
0.000281387
0.000286827
0.000291627
0.000295787
0.000299307
0.000302187
0.000304427
0.000306027
0.000306987
0.000307307
0.000306987
0.000306027
0.000304427
0.000302187
0.000299307
0.000295787
0.000291627
0.000286827
0.000281387
0.000275307
0.000268587
0.000261227
0.000253227
0.000244587
0.000235307
0.000225387
0.000214827
0.000203627
0.000191787
0.000179307
0.000166187
0.000152427
0.000138027
0.000122987
0.000111787
0.000126827
0.000141227
0.000154987
0.000168107
0.000180587
0.000192427
0.000203627
0.000214187
0.000224107
0.000233387
0.000242027
0.000250027
0.000257387
0.000264107
0.000270187
0.000275627
0.000280427
0.000284587
0.000288107
0.000290987
0.000293227
0.000294827
0.000295787
0.000296107
0.000295787
0.000294827
0.000293227
0.000290987
0.000288107
0.000284587
0.000280427
0.000275627
0.000270187
0.000264107
0.000257387
0.000250027
0.000242027
0.000233387
0.000224107
0.000214187
0.000203627
0.000192427
0.000180587
0.000168107
0.000154987
0.000141227
0.000126827
0.000111787
9.99467e-05
0.000114987
0.000129387
0.000143147
0.000156267
0.000168747
0.000180587
0.000191787
0.000202347
0.000212267
0.000221547
0.000230187
0.000238187
0.000245547
0.000252267
0.000258347
0.000263787
0.000268587
0.000272747
0.000276267
0.000279147
0.000281387
0.000282987
0.000283947
0.000284267
0.000283947
0.000282987
0.000281387
0.000279147
0.000276267
0.000272747
0.000268587
0.000263787
0.000258347
0.000252267
0.000245547
0.000238187
0.000230187
0.000221547
0.000212267
0.000202347
0.000191787
0.000180587
0.000168747
0.000156267
0.000143147
0.000129387
0.000114987
9.99467e-05
8.74667e-05
0.000102507
0.000116907
0.000130667
0.000143787
0.000156267
0.000168107
0.000179307
0.000189867
0.000199787
0.000209067
0.000217707
0.000225707
0.000233067
0.000239787
0.000245867
0.000251307
0.000256107
0.000260267
0.000263787
0.000266667
0.000268907
0.000270507
0.000271467
0.000271787
0.000271467
0.000270507
0.000268907
0.000266667
0.000263787
0.000260267
0.000256107
0.000251307
0.000245867
0.000239787
0.000233067
0.000225707
0.000217707
0.000209067
0.000199787
0.000189867
0.000179307
0.000168107
0.000156267
0.000143787
0.000130667
0.000116907
0.000102507
8.74667e-05
7.43467e-05
8.93867e-05
0.000103787
0.000117547
0.000130667
0.000143147
0.000154987
0.000166187
0.000176747
0.000186667
0.000195947
0.000204587
0.000212587
0.000219947
0.000226667
0.000232747
0.000238187
0.000242987
0.000247147
0.000250667
0.000253547
0.000255787
0.000257387
0.000258347
0.000258667
0.000258347
0.000257387
0.000255787
0.000253547
0.000250667
0.000247147
0.000242987
0.000238187
0.000232747
0.000226667
0.000219947
0.000212587
0.000204587
0.000195947
0.000186667
0.000176747
0.000166187
0.000154987
0.000143147
0.000130667
0.000117547
0.000103787
8.93867e-05
7.43467e-05
6.05867e-05
7.56267e-05
9.00267e-05
0.000103787
0.000116907
0.000129387
0.000141227
0.000152427
0.000162987
0.000172907
0.000182187
0.000190827
0.000198827
0.000206187
0.000212907
0.000218987
0.000224427
0.000229227
0.000233387
0.000236907
0.000239787
0.000242027
0.000243627
0.000244587
0.000244907
0.000244587
0.000243627
0.000242027
0.000239787
0.000236907
0.000233387
0.000229227
0.000224427
0.000218987
0.000212907
0.000206187
0.000198827
0.000190827
0.000182187
0.000172907
0.000162987
0.000152427
0.000141227
0.000129387
0.000116907
0.000103787
9.00267e-05
7.56267e-05
6.05867e-05
4.61867e-05
6.12267e-05
7.56267e-05
8.93867e-05
0.000102507
0.000114987
0.000126827
0.000138027
0.000148587
0.000158507
0.000167787
0.000176427
0.000184427
0.000191787
0.000198507
0.000204587
0.000210027
0.000214827
0.000218987
0.000222507
0.000225387
0.000227627
0.000229227
0.000230187
0.000230507
0.000230187
0.000229227
0.000227627
0.000225387
0.000222507
0.000218987
0.000214827
0.000210027
0.000204587
0.000198507
0.000191787
0.000184427
0.000176427
0.000167787
0.000158507
0.000148587
0.000138027
0.000126827
0.000114987
0.000102507
8.93867e-05
7.56267e-05
6.12267e-05
4.61867e-05
3.11467e-05
4.61867e-05
6.05867e-05
7.43467e-05
8.74667e-05
9.99467e-05
0.000111787
0.000122987
0.000133547
0.000143467
0.000152747
0.000161387
0.000169387
0.000176747
0.000183467
0.000189547
0.000194987
0.000199787
0.000203947
0.000207467
0.000210347
0.000212587
0.000214187
0.000215147
0.000215467
0.000215147
0.000214187
0.000212587
0.000210347
0.000207467
0.000203947
0.000199787
0.000194987
0.000189547
0.000183467
0.000176747
0.000169387
0.000161387
0.000152747
0.000143467
0.000133547
0.000122987
0.000111787
9.99467e-05
8.74667e-05
7.43467e-05
6.05867e-05
4.61867e-05
3.11467e-05




0.0426849
1200