0.0229937
0.0329455
0.0382001
0.0355136
0.0407166
0.0545091
0.0573227
0.0455878
0.0455878
0.0573227
0.0545091
0.0407166
0.0355136
0.0382001
0.0329455
0.0229937


Iteration #0 end!	0.12083

0.0229747
0.0329463
0.0382068
0.035486
0.040737
0.0545283
0.0572959
0.0456069
0.0456069
0.0572959
0.0545283
0.040737
0.035486
0.0382068
0.0329463
0.0229747


Iteration #1 end!	0.000228902

0.0229748
0.0329464
0.0382069
0.0354861
0.0407372
0.0545285
0.0572961
0.0456071
0.0456071
0.0572961
0.0545285
0.0407372
0.0354861
0.0382069
0.0329464
0.0229748


Iteration #2 end!	5.01094e-07

0.0256
0.0384
0.0384
0.0256
0.0384
0.0576
0.0576
0.0384
0.0384
0.0576
0.0576
0.0384
0.0256
0.0384
0.0384
0.0256




0.00988613	12