0.0193111
0.0253118
0.0304293
0.0375229
0.0323367
0.0383264
0.0493838
0.0520015
0.0543568
0.0451751
0.0469946
0.0577444
0.0580233
0.0577444
0.0469946
0.0451751
0.0543568
0.0520015
0.0493838
0.0383264
0.0323367
0.0375229
0.0304293
0.0253118
0.0193111


Iteration #0 end!	0.104488

0.0193028
0.0252592
0.030398
0.0375457
0.0323075
0.0382121
0.0491539
0.0520233
0.0542726
0.0451827
0.0471557
0.0580166
0.0582827
0.0580166
0.0471557
0.0451827
0.0542726
0.0520233
0.0491539
0.0382121
0.0323075
0.0375457
0.030398
0.0252592
0.0193028


Iteration #1 end!	0.00187495

0.0193069
0.0252658
0.0304066
0.0375587
0.0323168
0.0382257
0.0491718
0.0520394
0.0542913
0.0452005
0.0471723
0.0580368
0.0583059
0.0580368
0.0471723
0.0452005
0.0542913
0.0520394
0.0491718
0.0382257
0.0323168
0.0375587
0.0304066
0.0252658
0.0193069


Iteration #2 end!	4.09305e-05

0.0144033
0.0190329
0.0205761
0.0190329
0.0144033
0.0190329
0.0236626
0.0252058
0.0236626
0.0190329
0.0205761
0.0252058
0.026749
0.0252058
0.0205761
0.0190329
0.0236626
0.0252058
0.0236626
0.0190329
0.0144033
0.0190329
0.0205761
0.0190329
0.0144033




0.0143363
15