0.0157313
0.0223701
0.0244829
0.0312715
0.0356143
0.0291053
0.035151
0.046719
0.0460708
0.0482904
0.0519041
0.0408935
0.0426856
0.0550599
0.0528112
0.0533145
0.0563042
0.0439959
0.0439959
0.0563042
0.0533145
0.0528112
0.0550599
0.0426856
0.0408935
0.0519041
0.0482904
0.0460708
0.046719
0.035151
0.0291053
0.0356143
0.0312715
0.0244829
0.0223701
0.0157313


Iteration #0 end!	0.0916739

0.0154021
0.0216329
0.0236993
0.0305885
0.0346414
0.0282117
0.0341648
0.0453918
0.0450538
0.0480084
0.0516767
0.0409404
0.0434957
0.0563766
0.0543832
0.0552904
0.0583435
0.0456039
0.0456039
0.0583435
0.0552904
0.0543832
0.0563766
0.0434957
0.0409404
0.0516767
0.0480084
0.0450538
0.0453918
0.0341648
0.0282117
0.0346414
0.0305885
0.0236993
0.0216329
0.0154021


Iteration #1 end!	0.00654435

0.0154576
0.0216987
0.0237912
0.0307019
0.0347826
0.02833
0.0343513
0.0456353
0.0453049
0.0482849
0.0519755
0.041181
0.0437467
0.0566944
0.0546748
0.0555711
0.0586186
0.0458226
0.0458226
0.0586186
0.0555711
0.0546748
0.0566944
0.0437467
0.041181
0.0519755
0.0482849
0.0453049
0.0456353
0.0343513
0.02833
0.0347826
0.0307019
0.0237912
0.0216987
0.0154576


Iteration #2 end!	0.000549758

0.0154628
0.0217039
0.0237948
0.0307075
0.0347854
0.02833
0.0343481
0.0456278
0.0452987
0.0482858
0.0519753
0.0411823
0.0437523
0.0567027
0.0546845
0.0555841
0.0586304
0.0458342
0.0458342
0.0586304
0.0555841
0.0546845
0.0567027
0.0437523
0.0411823
0.0519753
0.0482858
0.0452987
0.0456278
0.0343481
0.02833
0.0347854
0.0307075
0.0237948
0.0217039
0.0154628


Iteration #3 end!	6.30983e-05

0.00944051
0.0127725
0.0144384
0.0144384
0.0127725
0.00944051
0.0127725
0.0161044
0.0177704
0.0177704
0.0161044
0.0127725
0.0144384
0.0177704
0.0194363
0.0194363
0.0177704
0.0144384
0.0144384
0.0177704
0.0194363
0.0194363
0.0177704
0.0144384
0.0127725
0.0161044
0.0177704
0.0177704
0.0161044
0.0127725
0.00944051
0.0127725
0.0144384
0.0144384
0.0127725
0.00944051




0.0161927
24