0.0125161
0.018351
0.0220084
0.0257202
0.0292707
0.0325436
0.0272852
0.0308393
0.041092
0.0429665
0.0424195
0.0451853
0.0462958
0.0368106
0.0381051
0.0490945
0.0496833
0.0481003
0.0505863
0.0510859
0.0402996
0.0407311
0.0520188
0.0520534
0.0499361
0.0520534
0.0520188
0.0407311
0.0402996
0.0510859
0.0505863
0.0481003
0.0496833
0.0490945
0.0381051
0.0368106
0.0462958
0.0451853
0.0424195
0.0429665
0.041092
0.0308393
0.0272852
0.0325436
0.0292707
0.0257202
0.0220084
0.018351
0.0125161


Iteration #0 end!	0.0814915

0.0120554
0.0174126
0.0206912
0.0243305
0.0280178
0.0306601
0.0256845
0.0293402
0.0392777
0.0412816
0.0413168
0.0445217
0.0460561
0.0368197
0.0387277
0.0502674
0.0510783
0.049735
0.0524598
0.053104
0.0418566
0.0423753
0.0542571
0.0542453
0.0520623
0.0542453
0.0542571
0.0423753
0.0418566
0.053104
0.0524598
0.049735
0.0510783
0.0502674
0.0387277
0.0368197
0.0460561
0.0445217
0.0413168
0.0412816
0.0392777
0.0293402
0.0256845
0.0306601
0.0280178
0.0243305
0.0206912
0.0174126
0.0120554


Iteration #1 end!	0.00705438

0.0121186
0.0175175
0.0208089
0.0244681
0.0281853
0.030828
0.0258378
0.0295449
0.039507
0.041503
0.0415306
0.0447568
0.0462827
0.0370098
0.0389031
0.0505066
0.0513053
0.049971
0.0527456
0.053458
0.0421554
0.0427595
0.0547751
0.0547786
0.0525899
0.0547786
0.0547751
0.0427595
0.0421554
0.053458
0.0527456
0.049971
0.0513053
0.0505066
0.0389031
0.0370098
0.0462827
0.0447568
0.0415306
0.041503
0.039507
0.0295449
0.0258378
0.030828
0.0281853
0.0244681
0.0208089
0.0175175
0.0121186


Iteration #2 end!	0.000867833

0.012121
0.0175158
0.0208045
0.024464
0.0281955
0.0308305
0.0258356
0.0295648
0.0395373
0.0415421
0.0415857
0.0448236
0.0463538
0.0370667
0.0389669
0.0505913
0.0513828
0.0500395
0.0528108
0.05351
0.0421905
0.0427806
0.0548065
0.0548028
0.0526125
0.0548028
0.0548065
0.0427806
0.0421905
0.05351
0.0528108
0.0500395
0.0513828
0.0505913
0.0389669
0.0370667
0.0463538
0.0448236
0.0415857
0.0415421
0.0395373
0.0295648
0.0258356
0.0308305
0.0281955
0.024464
0.0208045
0.0175158
0.012121


Iteration #3 end!	0.000215809

0.0121289
0.0175277
0.0208174
0.0244785
0.0282117
0.0308463
0.0258489
0.0295792
0.0395535
0.0415569
0.0415993
0.0448388
0.0463687
0.0370795
0.0389801
0.050609
0.0514007
0.0500586
0.0528327
0.053536
0.0422121
0.0428065
0.0548407
0.0548378
0.0526465
0.0548378
0.0548407
0.0428065
0.0422121
0.053536
0.0528327
0.0500586
0.0514007
0.050609
0.0389801
0.0370795
0.0463687
0.0448388
0.0415993
0.0415569
0.0395535
0.0295792
0.0258489
0.0308463
0.0282117
0.0244785
0.0208174
0.0175277
0.0121289


Iteration #4 end!	5.74428e-05

0.00651042
0.00895182
0.0104167
0.0109049
0.0104167
0.00895182
0.00651042
0.00895182
0.0113932
0.0128581
0.0133464
0.0128581
0.0113932
0.00895182
0.0104167
0.0128581
0.0143229
0.0148112
0.0143229
0.0128581
0.0104167
0.0109049
0.0133464
0.0148112
0.0152995
0.0148112
0.0133464
0.0109049
0.0104167
0.0128581
0.0143229
0.0148112
0.0143229
0.0128581
0.0104167
0.00895182
0.0113932
0.0128581
0.0133464
0.0128581
0.0113932
0.00895182
0.00651042
0.00895182
0.0104167
0.0109049
0.0104167
0.00895182
0.00651042




0.0165774
28