0.0108156
0.0154096
0.0189262
0.023841
0.0253573
0.0278407
0.0303423
0.0252234
0.0278365
0.0362635
0.0378951
0.0390184
0.0396907
0.0402323
0.0405245
0.0325711
0.0338525
0.0429286
0.0439827
0.0447284
0.0450911
0.0453108
0.0452664
0.0361869
0.0368276
0.0464685
0.047186
0.0476099
0.0477308
0.0476287
0.0472477
0.0376058
0.0376058
0.0472477
0.0476287
0.0477308
0.0476099
0.047186
0.0464685
0.0368276
0.0361869
0.0452664
0.0453108
0.0450911
0.0447284
0.0439827
0.0429286
0.0338525
0.0325711
0.0405245
0.0402323
0.0396907
0.0390184
0.0378951
0.0362635
0.0278365
0.0252234
0.0303423
0.0278407
0.0253573
0.023841
0.0189262
0.0154096
0.0108156


Iteration #0 end!	0.0732589

0.0100464
0.0141621
0.0171326
0.0215154
0.0230247
0.025376
0.0276049
0.0228708
0.0260043
0.0342558
0.036209
0.0380424
0.0388726
0.0400493
0.0409354
0.0329283
0.0345983
0.0443062
0.0453563
0.046301
0.0466413
0.0470335
0.0471695
0.0375996
0.0382544
0.0484616
0.0490176
0.0494501
0.0495441
0.0495039
0.0492818
0.0390985
0.0390985
0.0492818
0.0495039
0.0495441
0.0494501
0.0490176
0.0484616
0.0382544
0.0375996
0.0471695
0.0470335
0.0466413
0.046301
0.0453563
0.0443062
0.0345983
0.0329283
0.0409354
0.0400493
0.0388726
0.0380424
0.036209
0.0342558
0.0260043
0.0228708
0.0276049
0.025376
0.0230247
0.0215154
0.0171326
0.0141621
0.0100464


Iteration #1 end!	0.00801514

0.0101761
0.0143152
0.0173317
0.0217239
0.0232338
0.0255442
0.0277766
0.0229932
0.0260988
0.0343082
0.036213
0.0380245
0.0388367
0.0400011
0.0408771
0.0328993
0.0346095
0.0443079
0.0454247
0.0464397
0.0468411
0.0473302
0.0475902
0.03797
0.0387641
0.0491608
0.0497834
0.0502786
0.0504053
0.0503948
0.0502093
0.0398301
0.0398301
0.0502093
0.0503948
0.0504053
0.0502786
0.0497834
0.0491608
0.0387641
0.03797
0.0475902
0.0473302
0.0468411
0.0464397
0.0454247
0.0443079
0.0346095
0.0328993
0.0408771
0.0400011
0.0388367
0.0380245
0.036213
0.0343082
0.0260988
0.0229932
0.0277766
0.0255442
0.0232338
0.0217239
0.0173317
0.0143152
0.0101761


Iteration #2 end!	0.00145926

0.0101525
0.0142803
0.0172913
0.0216766
0.0231904
0.0255199
0.0277566
0.0229769
0.0261269
0.0343654
0.0362948
0.0381426
0.0389599
0.0401473
0.0410382
0.0330292
0.0347526
0.0445019
0.0456192
0.0466452
0.0470412
0.047528
0.0477878
0.0381195
0.0388981
0.049328
0.0499378
0.050422
0.0505424
0.0505263
0.0503367
0.0399294
0.0399294
0.0503367
0.0505263
0.0505424
0.050422
0.0499378
0.049328
0.0388981
0.0381195
0.0477878
0.047528
0.0470412
0.0466452
0.0456192
0.0445019
0.0347526
0.0330292
0.0410382
0.0401473
0.0389599
0.0381426
0.0362948
0.0343654
0.0261269
0.0229769
0.0277566
0.0255199
0.0231904
0.0216766
0.0172913
0.0142803
0.0101525


Iteration #3 end!	0.000411366

0.010175
0.0143097
0.0173276
0.0217173
0.0232323
0.0255594
0.0277972
0.0230083
0.026157
0.0343971
0.0363223
0.0381675
0.0389829
0.0401679
0.0410559
0.0330438
0.0347678
0.0445178
0.0456378
0.0466669
0.0470666
0.0475574
0.0478244
0.0381505
0.0389367
0.0493793
0.0499944
0.0504818
0.0506052
0.0505908
0.050404
0.0399823
0.0399823
0.050404
0.0505908
0.0506052
0.0504818
0.0499944
0.0493793
0.0389367
0.0381505
0.0478244
0.0475574
0.0470666
0.0466669
0.0456378
0.0445178
0.0347678
0.0330438
0.0410559
0.0401679
0.0389829
0.0381675
0.0363223
0.0343971
0.026157
0.0230083
0.0277972
0.0255594
0.0232323
0.0217173
0.0173276
0.0143097
0.010175


Iteration #4 end!	0.000130591

0.0101729
0.0143067
0.0173241
0.0217129
0.0232286
0.0255577
0.0277959
0.0230073
0.0261607
0.034404
0.0363316
0.0381805
0.0389965
0.0401837
0.041073
0.0330575
0.0347828
0.044538
0.0456578
0.0466878
0.0470868
0.0475769
0.0478436
0.0381652
0.0389495
0.0493951
0.0500093
0.0504956
0.0506185
0.0506037
0.0504165
0.0399922
0.0399922
0.0504165
0.0506037
0.0506185
0.0504956
0.0500093
0.0493951
0.0389495
0.0381652
0.0478436
0.0475769
0.0470868
0.0466878
0.0456578
0.044538
0.0347828
0.0330575
0.041073
0.0401837
0.0389965
0.0381805
0.0363316
0.034404
0.0261607
0.0230073
0.0277959
0.0255577
0.0232286
0.0217129
0.0173241
0.0143067
0.0101729


Iteration #5 end!	4.16999e-05

0.00467408
0.00650307
0.0077224
0.00833206
0.00833206
0.0077224
0.00650307
0.00467408
0.00650307
0.00833206
0.00955139
0.0101611
0.0101611
0.00955139
0.00833206
0.00650307
0.0077224
0.00955139
0.0107707
0.0113804
0.0113804
0.0107707
0.00955139
0.0077224
0.00833206
0.0101611
0.0113804
0.01199
0.01199
0.0113804
0.0101611
0.00833206
0.00833206
0.0101611
0.0113804
0.01199
0.01199
0.0113804
0.0101611
0.00833206
0.0077224
0.00955139
0.0107707
0.0113804
0.0113804
0.0107707
0.00955139
0.0077224
0.00650307
0.00833206
0.00955139
0.0101611
0.0101611
0.00955139
0.00833206
0.00650307
0.00467408
0.00650307
0.0077224
0.00833206
0.00833206
0.0077224
0.00650307
0.00467408




0.0162173
40